0.34243026861909764 0.3069561181502002 0.303617800573761 0.27857087420033516
0.3530008987616977 0.31616137543082634 0.3129585389257651 0.2894647857399778
0.352884000132493 0.31618327736985874 0.3126481210838935 0.2867862260866168
1.2472451783361094 0.9793471300745281 0.9608419725823731 1.0156483803303837
1.2574301611243386 1.1279419183274018 1.08570247443208 Infinity
1.269470163382212 1.1265617281095275 1.0790003049494838 Infinity
1.274461256922267 1.0639040823950165 1.0278090859205375 Infinity
1.2707515814221484 1.0298013734454907 1.0018265957852486 Infinity
1.2904893803997535 1.0120154634784702 0.9885795338306478 Infinity
1.2646427711524713 0.9696446353784991 0.9488317293446507 1.0278903199867313
1.2788550251580149 1.0156393134260027 0.9960440519051617 1.0458805256712853
