1.1501920268461758 0.8510022907263948 0.8172940058048741 0.9572363727571431
1.263518351333285 0.9228778029489036 0.9142029439538772 1.0542047460143404
1.388174581809539 1.0236627291481928 0.9936790042235097 1.1443822088821884
1.1671944259518603 0.8780841527242347 0.8546156711511431 0.9435511197348441
1.1297531250123753 0.836512859262502 0.8165411756299311 0.9159418727508394
1.2451280066876935 0.9385501776428995 0.9087136903875616 1.044075604182268
1.2840454975952007 1.2840454975952007 1.2840454975952007 1.0251412556788255
1.1257323313138619 0.8300006511735873 0.8050619018253944 0.8762189725071176
1.383452084751371 1.0409030267497976 1.016532702545331 1.179308898418269
1.3666667006258952 1.0190755208942095 0.978002747842134 1.1365787338545192
1.6615488216206051 1.6615488216206051 1.6615488216206051 1.3839911260525448
1.3482753471608007 1.003345185673256 0.9780512539611135 1.1187385315259937
1.065320189008324 0.7892370968301775 0.766905180476012 0.8486868925881126
1.388043013811185 1.0391321688083435 1.0088469672590976 1.0891627200960088
1.2519750772572213 0.9410892181752653 0.9182617606822889 0.9979032444058142
1.4748562961913372 1.1080828745814555 1.0900630007365983 1.2059764583402355
1.206589226906488 0.9040124460590755 0.8770031772236234 0.9927167943514625
1.3283183571550095 0.9989980486668338 0.9775899573893629 1.091498990032194
1.2644586772511424 1.2644586772511424 1.2644586772511424 0.9787256257447965
1.2792546227495505 0.9398950455166974 0.922088259304244 1.0737636611087438
1.4377625337041322 1.0471288298826356 1.021532373478582 1.227923939004227
1.228681895878253 0.9094919245535318 0.8938183223560786 1.0323954415509105
1.3687737314622272 1.026745169414155 0.9944338454912738 1.1514262106458704
1.2107830090546041 0.927880577321581 0.9007811037478294 0.9971257006986614
1.3126425723869446 1.3126425723869446 1.3126425723869446 1.061911061625226
1.141635542266212 0.8474446114047214 0.826755191437199 0.9313741949790808
1.2575980998333953 0.9599715436284393 0.9289938160459403 0.9890411560785001
1.1569943687679682 1.1569943687679682 1.1569943687679682 0.9233236179098939
1.3649267649364643 1.3649267649364643 1.3649267649364643 1.1655403329601688
1.2243433345994508 1.2243433345994508 1.2243433345994508 0.9980931559259423
1.2369956308108645 0.917698044784673 0.9096110646065922 1.0151773631096757
1.24341925167476 0.9475504655710735 0.9153701898496125 0.9904549366475175
1.281173461049527 0.9640399901723032 0.9276408595392973 1.0391994761353007
1.3926846599762746 1.0620194013261826 1.0409378959014377 1.1360296466536894
1.275347953590685 0.9508898962542166 0.934603802305825 0.9915830681692257
1.3409828479311232 1.0450456595757978 1.0220110436436216 1.1123818882931071
1.1816695129664216 0.8942508986562938 0.8678083765083092 0.9197464939658349
1.2587965006786435 0.9472653965489289 0.9307128002803351 1.0589286996054503
1.2535665797666062 0.9421899802692826 0.9226456742586622 1.013997640787043
1.212925993947124 0.9025388149366873 0.8916922792020052 1.0217631730798287
